100
6 1
1831 1
2000 100
1994 2
1998 69
956 1
1968 77
1772 33
1872 66
1149 3
1825 1
1984 36
1969 1
1873 1
1633 22
1979 2
1877 5
1834 5
1960 5
1813 2
1946 5
1951 1
1930 2
1932 5
1887 1
1498 5
1988 1
1879 1
10 2
291 1
1936 1
1908 1
1838 1
1910 1
1893 2
1841 2
1820 1
1921 1
654 3
1735 49
381 3
1965 68
1903 7
1806 5
1906 3
1804 97
1866 1
1884 1
1858 1
315 3
1603 1
1916 1
1876 1
7 1
1949 1
283 2
1809 2
1886 1
1646 3
1955 59
416 1
1142 1
1842 1
1917 1
439 53
1977 1
1912 3
1837 1
1827 1
1931 1
165 1
1929 1
1847 2
1850 1
1986 1
1905 3
1839 1
938 5
868 3
1845 3
2000 1
1816 1
1967 1
1987 1
1943 5
1899 45
173 1
1927 1
2000 1
1642 1
1 1
1961 2
1808 5
1158 44
1829 1
1835 1
1802 1
577 66
1966 1
1934 1
