100
938717 827188 359 9980
968017 0 743 7247
397618 191461 904 9920
259555 311170 807 9723
0 0 143 3661
681593 713705 236 7277
902081 0 269 1
949261 488118 162 2086
185446 277175 871 9910
134049 163150 649 4396
806167 199768 803 9951
991847 799421 175 5569
951517 134898 434 9904
421976 374445 897 7385
590791 626344 532 7429
764828 770126 55 9988
555017 223926 704 1637
854026 991072 701 9993
305915 809939 557 9977
801657 752535 488 7788
120845 59005 323 9912
522438 27106 770 7365
241333 696491 107 3778
821954 401113 315 9978
286435 848831 287 9937
438363 991251 483 9931
7152 296374 653 9941
475367 185355 966 6930
43528 626992 715 9912
748592 296640 437 1209
353667 822333 946 3945
824205 332884 335 9927
482104 829746 490 7965
709599 793175 685 9912
286550 585905 16 9932
0 0 10 5
23692 726010 446 9948
192208 788214 502 9282
323507 868548 808 9992
227169 149234 910 9952
862683 365005 309 9982
347540 36639 343 8723
282332 458631 663 825
207034 115353 43 9915
107889 712675 863 5579
50006 684637 118 9983
218101 686920 437 5335
223894 789801 90 9915
262922 852198 190 5379
50540 939654 890 9953
984426 347199 910 9995
603935 349135 359 9925
870784 533566 416 9930
660867 15514 114 9945
527228 549688 354 9909
244404 595896 864 6416
568056 718857 228 9906
385452 797209 866 9958
881767 67220 2 9970
917784 583966 574 6576
187786 349443 931 9944
0 759862 846 1
173920 955066 518 4593
538955 231593 749 5179
280774 102078 571 9990
945049 182728 958 3364
804162 685622 8 8819
508232 261236 956 9925
892946 686917 126 4516
0 0 511 1
786023 826959 653 9957
35221 462505 169 3302
205505 256815 101 9928
0 659919 530 2382
65697 726518 459 9943
183386 613222 855 7754
470805 465728 734 9933
811360 629077 241 9975
488972 543421 278 5345
0 0 1000 10000
528659 940980 474 3482
835803 164099 404 2522
986530 581495 540 7658
271153 293134 43 287
875786 891947 789 8359
386238 535840 73 1843
892740 0 514 1
15599 491223 77 9960
248051 825499 817 9966
913218 382546 771 9923
563850 836563 966 9999
414159 343124 113 5157
679357 800113 282 3979
133112 638053 925 7557
128294 35461 924 9909
292409 680049 803 2080
124168 869978 97 466
124516 982930 291 2674
793989 668054 613 3704
0 0 100 199
