100
224950 484551 285 1888
94873 21422 243 7278
460894 617040 394 2654
353818 331436 427 275
568190 55681 381 9935
272077 685420 736 2215
326490 268951 623 4604
0 373039 341 7882
677678 935056 368 6773
897242 919226 438 8933
925081 594717 572 9967
542607 594592 95 9932
326783 358723 178 8242
251343 506945 21 9939
253636 325028 921 9864
902635 983187 541 7597
225493 112541 58 2435
654091 576914 751 252
423010 414337 285 906
0 279107 863 1
160992 133161 523 9999
279173 544014 942 3153
0 0 1000 10000
861426 868673 958 9933
847739 413106 615 9936
952093 106311 32 9944
615504 421993 216 9967
185581 67792 503 1261
755712 79133 738 2827
515873 0 462 1
256884 258348 659 9939
701483 514570 698 9905
245181 867565 574 9915
25671 709743 126 9929
733645 868293 429 6033
103450 519919 350 9903
363034 339623 177 9986
642623 550909 254 9958
333074 295684 192 9921
20934 270852 660 9996
269912 42065 448 1659
439087 606682 168 8311
997507 53133 586 7256
576655 665002 509 9883
1233 742700 926 9950
208963 167950 47 2338
235420 742875 484 9979
425474 370912 327 3261
0 0 150 9244
266022 430986 969 6781
0 0 10 5
193187 907220 545 9941
359725 304029 763 6573
395320 35318 36 9958
490653 850714 164 9938
805030 640126 830 9902
337645 513860 610 5785
949516 479606 417 9919
262081 928687 458 9994
525040 686914 682 9941
330167 476072 464 2891
413355 132251 475 2887
0 0 100 199
986794 887948 885 9966
179913 705787 637 9902
271735 223498 530 9952
589812 211775 653 9957
77007 478043 404 9947
180251 148454 805 9842
209874 155250 43 4059
709563 203475 362 778
188844 941392 495 6708
161073 213904 332 3064
199136 266726 293 5509
421101 902376 455 7970
654411 347414 981 9917
217231 933219 622 8543
679505 0 905 6402
822038 765125 647 9953
541803 906477 57 7201
493727 84462 858 9916
24621 982837 895 9909
491249 264456 468 9931
419360 526489 604 2106
366247 340708 672 9928
542725 894373 208 9465
815262 95844 483 1554
554839 0 74 1
319757 114852 689 9915
144616 878044 784 9991
77882 770685 59 8878
202564 102678 138 9930
0 0 48 1
735099 157470 832 9907
788729 538776 77 5806
98847 426194 170 6022
235209 745171 622 9909
722949 555178 79 9986
689808 424399 442 1903
651573 69697 113 9954
